2.990485484144344563e-01
1.643816573963430283e-01
7.885040170523405223e-02
1.830790316712361143e+00
2.533508472261883915e-01
4.234071841686526394e-01
1.108198928149609908e-01
8.360814076821092289e-03
3.766924557551312724e-02
1.714321053149112442e-02
9.381745025168651553e-02
-1.056758526432160922e-01
-6.268619168226303995e-02
5.459407227258854939e-02
-2.840766265913934052e-02
-1.857568405419997293e-01
-1.292875613001002733e-01
-8.283383791715963340e-02
-6.153780545191124274e-01
-2.011858017753344885e-01
-2.115296324382437143e-01
-1.671252220381549969e-01
-1.370977727346189834e-01
1.791906806739276825e-02
3.250736193913233985e-01
2.321294636517537147e-01
-3.902372593708525184e-02
2.749954582674404291e-01
-3.434991168436475895e-01
2.551436156629497409e-01
-2.225882283102472575e-02
-1.485911590489737977e-01
9.069622112951712667e-02
8.149214672350482136e-01
4.448309194984090276e-02
-6.846001101750081030e-01
-1.188249955083088699e-01
-1.154468771779790237e-01
7.865095831770693713e-02
4.613757744477977457e-02
-4.392395733630331811e-02
2.926548880177904932e-01
-1.394788461154916059e-01
-1.397176860374141627e-01
-7.614828842843414380e-02
-3.972783337767176737e-01
-3.040664552780294461e-01
1.362259854281415439e-01
6.668246881414302552e-02
1.187612207071230552e-01
1.653858461997315399e-01
-5.001110377948133484e-02
-2.604525105580781513e-02
9.149701880758233374e-02
1.013697721399697271e-01
-1.274345410886162933e-01
-3.114929727226130596e-01
3.676171194482438787e-02
1.610556560767426870e-01
1.015653609437008609e-01
4.776123665359688353e-02
-5.186640299859451853e-02
-5.604832076559118637e-01
1.362162510913838831e-01
1.269737123765821429e-01
3.608374226786246336e-02
1.055305757211679324e-01
-2.854944792157403932e-01
1.253461293769956575e-01
-3.197232947624992216e-01
2.951357905249150093e-01
-3.386115329041939348e-01
1.500100930987240955e-01
2.746146987300525089e-01
1.260339446411389563e-01
7.226936583452162055e-02
-1.786679458084790562e-01
-2.084330133457158729e-01
1.191096379913841700e-02
5.327781347174116028e-02
7.091419431582746125e-02
-2.340663035220093627e-02
7.868972938367552183e-02
4.496089958216555049e-02
7.247828057119123923e-02
7.291356310815810815e-02
-3.665769628818995457e-02
1.489683039128824119e-02
-4.451536448431290399e-02
-7.749745905774698684e-01
-2.135868703859078177e-01
5.713584528050420080e-02
-2.035050765570037279e-01
1.044009829276537626e-01
3.344737592473088356e-02
-1.636683874991287646e-01
-3.389503634220245587e-01
5.459407227258854939e-02
4.994606312747215671e-02
2.947974491410622622e-01
6.830023910892171757e-02
-1.648523776907918903e-01
3.986084435595821374e-01
-2.841550477828115318e-01
8.829836506993268830e-02
8.295289534335219261e-02
