3.097123029546765451e+02
-6.155865155722983317e+00
3.424333002517443560e+02
4.008764674338451641e+02
1.427371572550119652e+02
3.226904573437186059e+02
1.918732338714624461e+02
3.773285625411363498e+01
-1.153407539210327393e+01
-1.118256685857720782e+02
1.586026504072129057e+02
8.252191752610774245e+01
-3.391767390298184637e+01
-1.671634607843829556e+01
-1.470972685068635712e+02
-1.078166606368024958e+02
-1.158804106042829432e+02
-5.071213140412961451e+01
-2.926746576946527156e+01
-6.301827708135440531e+01
-8.493275233700207139e+01
-8.486027841314735554e+01
-7.974965828801365397e+00
3.973848377820682032e+01
2.525146812172693558e+02
1.842733148820295526e+02
-1.891670464566199428e+02
1.946767494499268025e+02
-3.325421443582185788e+01
3.105854214545115610e+02
-9.255839560062123894e+01
-1.881566979047088921e+02
-2.219237310506541760e+01
6.215716888523468242e+02
-5.648259045295927194e+01
-4.401595330075263632e+02
-8.753565267964935970e+01
-9.249125578237398315e+01
-1.429820040754850652e+02
-1.412702294741519715e+01
-8.647933530230918819e+00
3.135834436749571523e+02
-1.080861327035272552e+02
-1.299548467644721370e+02
-9.492434805747839732e+01
-2.333127995946173314e+02
-5.687541651816842858e+01
2.532593152936483989e+02
8.387242443560452898e+01
8.276672029482412540e+01
-5.086631185459707716e+00
6.411089475161928508e-01
-1.475599523558643682e+02
5.862692701227698535e+02
-2.415743782558979262e+02
-1.321950147777967004e+02
-3.289147963405669088e+02
-2.172322011610059462e+02
1.244621388703880882e+02
-4.871829056936890368e+01
2.841873220917162257e+01
-1.267057366946606436e+02
-2.973666548431697976e+01
1.131505194816885052e+02
-1.930375776141062261e+01
1.635660387870922960e+01
-2.657917219194799729e-01
-3.365317289805201284e+01
3.245492793277175991e+01
-3.705231495296785482e+01
-2.447624193472265830e+01
-2.769770670161662096e+01
7.666457012378369029e+01
4.924001039642623567e+01
-2.159427817466158572e+01
6.045634716440000389e+00
-3.424295628256830781e+01
-6.069651385212904593e+00
-3.647058823529400140e+00
-1.631331628549831336e+01
-1.998169694331738810e+01
-1.590009105513280652e+01
2.716631208667927666e+01
5.833807418119484822e+01
-2.219237310506541760e+01
2.736141403683771500e+01
5.388740921875891488e+00
-1.195118368728873470e+01
-1.749462026617473143e+01
-9.186719761527619710e+01
-2.554196592758663442e+01
-1.749462026617473143e+01
-2.474695942906319956e+01
5.332687957289694225e+01
-1.033242869659275875e+01
-2.854392300640231639e+00
-1.691749677187661405e+01
-1.671634607843829556e+01
2.109671232878968183e+00
1.351584804062030116e+02
6.074171431437495983e+01
-1.895571965370576351e+01
2.200359653598845355e+01
1.385368978053496036e+01
2.859839101015114338e+01
-2.393363315166961414e+01
