-2.899108081920754785e+02
5.697097182695805451e+00
-3.818962645052075686e+02
-3.003401600421707940e+02
-2.448326646500764241e+02
-3.702460971145985695e+02
-8.791754494477623894e+01
-2.573107062802818135e+01
3.483405250553782651e+01
9.162488257938100844e+01
-1.749682696622044773e+02
1.020332781887209439e+00
-1.708556351267578677e+01
1.421353595011692619e+02
4.559364353400786030e+01
-1.007484764513176501e+01
9.580128720487881822e+01
5.246384087632311832e+01
2.269803125484811801e+01
9.323003387388678220e+01
6.569178606732711501e+01
1.302409862737500248e+02
5.442630162850348796e+01
3.067272652426949353e+00
-2.470582129436492664e+02
-1.623621669040734332e+02
1.758598442188663569e+02
-2.305052210746299863e+02
2.031102875792489471e+01
-1.762595466660226293e+02
7.772845168827031159e+01
2.255729095979779686e+02
5.234429361579003626e+00
-5.510692718424714940e+02
4.880510166185540299e+01
3.414312430530660549e+02
1.220036092861069790e+02
5.678715102512208546e+01
6.755704053907558659e+01
1.412935992391459195e+01
3.146623594831094550e+01
-2.794197887381541250e+02
1.410600415721327181e+02
7.970615945432084004e+01
1.345283526530414520e+02
1.729036283787163768e+02
1.226023707997240386e+01
-2.335454156673865214e+02
-2.356303125172946977e+01
2.185154336294480615e+01
2.634925687506713388e+01
-3.328720231253444695e+01
4.765800841503947538e+01
-4.993328866727795798e+02
1.870789980827658496e+02
1.241201363405153018e+02
3.389136979516341626e+02
1.596309551310798156e+02
-1.403809196526191840e+02
7.604737787904315383e+01
4.633409461477172364e+00
1.324087915003789533e+02
7.307072726928090844e+01
-1.529716285147451345e+02
-1.690019699795899655e+01
1.428800223770794275e+01
-6.249961085776076430e+01
4.165605558459515834e+01
3.914263342954375702e+01
-3.633017462686117582e+00
-4.144022786676147518e+01
3.955827183346399067e+01
-4.654872965583990663e+01
-3.249917054588678411e+01
-5.143489660147418618e+01
-4.605237022766652899e+01
-5.692804580723132091e+01
-1.946387863224990866e+01
-1.108597285067869542e+01
9.869556352726860382e+01
-2.037670319389279072e+01
-4.833154228917485540e+01
7.665810907030465415e+00
-5.641414141104309010e+01
4.158074708666780595e+01
-5.764392513899993631e+00
5.765178440880005439e+01
8.881934617063180326e+00
-5.317843629295994390e+01
6.004189200959170591e+01
1.712283106038544389e+01
3.900758625968606452e+01
-1.002266541123224641e+01
-2.320182219742803653e+01
-8.633987174944707021e+00
-9.749187966372579339e+00
-2.007373619332501491e+01
-2.575696004524102634e+00
-3.649131366410112065e+01
-8.943658743253317311e+01
-6.073840882273907482e+01
2.746758862052868366e+01
4.387007042221921438e+01
6.406940838506042724e+01
1.311936088123357820e+02
-8.369380058835119485e+01
