2.934949269639102454e+02
-3.492411589001252281e+01
3.127519202780090382e+02
2.941432288507293151e+02
2.461130644832700511e+02
3.270754419976000804e+02
1.174199236737427157e+02
4.166195260071853568e+01
-1.131942138356537164e+01
-1.152701569127173116e+02
2.434012799652122681e+02
2.391924683867021173e+01
4.013620126853395220e+01
-1.640524782635818468e+01
-1.520036819583855561e+02
-9.321826872476427184e+01
-1.182269722367886544e+02
-8.368340568522837941e+01
-2.819805650423454324e+01
-5.163176130977146272e+01
-9.725931520512391160e+01
-8.297947748359895570e+01
1.163485376012580375e+01
-5.162210300902866322e+01
2.537684301448733777e+02
1.676907040500162225e+02
-1.616966999267375797e+02
2.555924813099040307e+02
-3.263533947733886009e+01
1.967794525374454224e+02
-7.731874231768269112e+01
-1.588583426705566808e+02
5.091327177014427718e+01
6.112814039177185350e+02
-5.477066637938540339e+01
-4.509000602256029424e+02
-9.057887884536951617e+01
-1.013299147642736671e+02
-1.281700322770428500e+02
-1.386411309107371714e+01
-3.319772852138569874e+01
3.010758182664856122e+02
-8.216630928924506350e+01
-1.019900366143649393e+02
-8.277078044760595787e+01
-2.249691240496618150e+02
-5.581694102465415597e+01
2.469254600193167164e+02
3.617586767229369826e+01
5.648809721331926426e+01
1.037300716617635317e+02
-3.799488022365568440e+01
-1.524449654929756264e+02
5.700759604162344658e+02
-2.601773807611982647e+02
-1.295194962249201183e+02
-3.169619921330004786e+02
-1.892551192596386045e+02
1.372017157803612122e+02
-2.675275790605336823e+01
5.990985223684592853e+01
-1.082367189475978222e+02
-6.140544300392437549e+01
8.425082932779959322e+01
-1.894450668644640956e+01
8.615813202602824461e-01
4.848237890578172005e-01
-3.302687315429174930e+01
5.209297512689241216e+01
-3.636275574168432456e+01
8.939530656445844770e+00
-2.685135552822180927e+01
1.852147506965542334e+01
1.379331238496839873e+01
4.110406654073741350e+01
-2.506661916714766392e+01
-3.360568042123022536e+01
-3.102016440625066096e+01
-3.579185520361979567e+00
-1.600971858787738356e+01
-1.960982913419857709e+01
-1.560418365336234992e+01
1.000527359772391378e+02
1.280853526206415793e+00
-2.177936368003318179e+01
7.123931561177720084e+01
-1.540067661898673812e+01
3.482606091158723416e+01
-1.716903800315658657e+01
-5.356697195701499936e+01
-2.506661916714766392e+01
-1.716903800315658657e+01
-2.428640807492429232e+01
1.577731308302344004e+01
-9.698790564588243512e+00
-2.931671099942307634e+01
-4.864164658565829313e+01
-1.640524782635818468e+01
2.838382261456203537e+00
-1.445025679522227602e+00
2.075187649464759687e+01
-1.860294571474099357e+01
4.000391350789532652e+01
-9.368626083959693318e+00
-1.716903800315658657e+01
-3.716184638220803294e+01
