-3.384619269489454041e+02
-4.044851977366421636e+01
-3.012333573807096059e+02
-3.098018556787314424e+02
-2.048762173684907566e+02
-2.875539788998317476e+02
-4.310278502267698997e+01
-8.677472761775482013e+01
-3.527480873639445491e+01
9.072858862532768853e+01
-1.996669311260844211e+02
-7.749020802067367697e+01
4.573085200895931735e+01
-5.112381275850183471e+01
1.580599080597316402e+02
4.751920126002780620e+01
9.285698173116907128e+01
2.467020461712382939e+01
1.062149982364219198e+02
3.260752793678051376e+01
1.285753120136218115e+02
1.283601853442052629e+02
6.735762202050334047e+00
2.976378806810770072e+01
-2.618053304143010109e+02
-1.822734789890003810e+02
1.804623714255305629e+02
-2.296939453322651445e+02
1.969215379944167310e+01
-2.168309352406878645e+02
7.690942661451691720e+01
1.845985055921527760e+02
4.116773766163549197e+01
-6.511655603018100464e+02
4.709317758828389344e+01
4.436209815762222206e+02
1.709721413026163077e+02
9.443870092153339613e+01
1.719129617664717955e+02
7.093775319392911172e+01
-2.558564609805487677e+01
-2.729677876811491615e+02
1.093254668961214833e+02
1.162411289749971530e+02
6.841601779228150804e+01
2.675307307480281338e+02
5.392743105276152704e+01
-2.603179517266567018e+02
-1.681307671706727547e+02
-5.622975269526601494e+01
-5.886818305502021076e+01
5.348786858637543773e+00
1.556277121753279005e+02
-6.095070501308276789e+02
2.719938938698399511e+02
2.140007414952038403e+02
3.186761024758138205e+02
2.067036084947568497e+02
-1.671928170950562276e+02
6.432532437571012451e+01
5.379267607581154209e+01
1.173355484012496248e+02
7.169741234223626236e+01
-1.609977047864080646e+02
-5.903692665245258553e+01
-1.015160542808240223e+02
-2.318294463412724582e+01
8.901364930708767531e+01
7.602337361689787087e+01
-4.792057149275183292e+01
-8.935481650335628245e+00
7.427104669098982015e+01
-2.767828585752750925e+01
2.947527465569711680e+00
9.311016010703113466e+00
-7.811531763213476154e+01
2.018165751604002480e+02
-9.666840108901092776e+01
-1.115384615384611600e+01
9.839196582964792981e+01
5.997484025468057212e+01
-4.862744969094531200e+01
7.888158515798097881e+01
6.430792439434576124e-01
-3.152489778854186753e+01
-2.805146133087112403e+01
1.858860435998367677e+02
-1.483250027598307952e+01
3.868200399667036038e+01
1.085891969024859520e+02
4.823508494397054847e+01
-7.411007279656343982e+00
2.211714445035460841e+01
-1.146482460570878104e+01
-5.669774583316659289e+01
1.671313073240952107e+01
4.429697139730424738e+01
4.535022424529122986e+01
-1.658715277512402864e+01
1.020273494648677541e+02
-2.074857100301167634e+01
2.711481468156451058e+01
-1.224474220789699075e+02
1.573483801215508748e+01
8.477501527299574491e+01
-1.715072175475815186e+01
